308151081
490434253
793796096
785630211
980146262
309214646
812539446
670123951
881986962
568738975
665972248
591743532
550453238
926313116
217143591
570045257
671609385
779128849
700145404
566371280
952934124
937098757
295615996
926735687
738850613
943240667
639883289
557073974
625737289
428082743
680667782
964850564
576361057
306907323
381318290
713997381
738030965
684125380
670192735
114280296
299499277
474064819
863136576
888557762
803808184
207136675
713514999
300645227
845463855
209165784
466302651
654349926
907295997
258609319
126925014
516410196
247139370
743350083
729093483
457731318
863686010
209626974
402374457
883986546
494489297
508093158
499484288
203293843
848362277
639683405
642475681
321693473
373259289
217850910
707324820
762918697
828191532
246050460
403042929
752885989
881332837
487121228
752592836
334796656
895894511
138178651
787707127
803702583
568379118
650600799
799748684
958533918
666838767
724668019
140865836
110518081
316826775
603025738
687180961
319959420
124105737
942651525
199718626
216039865
374568791
125327084
337279867
656312319
395311580
965310672
785692864
308271975
683459502
209628253
380743628
647690501
646526753
914779335
985296516
803653121
842692985
645209661
879683891
538137616
640426915
547358093
292503852
167440319
192781960
433236048
100778509
866493514
351540701
757878559
499150521
997295319
201483649
967072411
399895191
276878133
588435762
501884798
118577545
532732842
564917354
919198273
980129008
687060867
306517975
219260964
374097280
671919929
972401728
723651561
469503076
230367818
237340073
623113199
726044555
207065756
971380905
753844712
722096899
737291386
783361522
967151105
416741093
141253283
903357103
986275356
289632259
617260260
930465252
887305784
166252700
548199858
814174201
434332168
379364441
836681280
744259075
733335257
123305372
257376586
484228998
514433080
228592336
758628174
636783308
717221512
699149501
638373363
285268089
467371884
611305820
564226336
585537224
637488031
340196148
943024234
656036971
456165235
848484680
194489237
789472681
534929980
230538489
220717632
854845857
820173229
915555629
678707883
341197655
454831742
703111300
224933764
557627146
995792645
789671159
206839895
259809255
775077689
999771027
696760839
633740304
425991071
834368671
446035131
889126049
678534093
904392084
346127286
321818723
435924297
958415649
709219294
440892075
561809578
175800727
848885040
354989671
593350552
196586301
194531382
116800578
641211654
249881339
267201677
710734671
282304777
662226616
117487571
508138423
528524075
960713687
159365229
174999812
341360259
536081056
413688209
781284017
278644478
725784587
930501158
248014230
838248037
205621698
823626048
858238283
813991354
645481195
648757525
344130807
203387612
798094249
254806390
489696165
176493356
122986009
999527260
138972855
630558437
121494748
665164512
624578683
857572859
775692252
763959217
423180864
221981895
842271393
761010441
233218782
172999460
508589370
819095280
300892660
159938887
214823018
186700037
212928441
688780328
407419964
553221670
101914756
516635500
463395934
582464346
470283139
248481588
611172618
160159047
542759528
800393073
207115467
521436912
452530836
986820222
539187288
393049725
623030710
477341928
790396660
555606946
326536656
694675659
202082247
545528019
354546174
932523467
422397496
863779056
497874277
598866452
137049940
552628209
819870271
447122452
820277008
224019130
683938073
755991717
191641051
513195442
874540057
347160832
623503960
902374624
795528891
168884289
101270578
865146938
945337343
667857453
128755722
239961856
184332732
799707688
273178909
542252175
448991898
427137969
457679350
851144764
660692408
644269325
688452282
709643195
620158651
958276822
203356929
681586983
308300619
437567984
423119643
600195334
159684679
880641672
206580093
681899370
644677960
973650729
597913679
299856673
177763283
866429105
660534875
409622179
755799734
310999115
472169660
347241832
314913004
915312873
355959873
643702534
328473077
282654608
863751856
929793872
791277860
970861230
378631817
375636767
267806213
132457628
567491358
230299076
123219442
829211067
872860492
651849770
546074019
353513586
955745808
125598636
686565517
323194005
163965112
445670974
972921069
312643928
217689070
465871474
588430974
567061408
792806171
139026767
336378146
424810033
713982154
736340242
313113157
553765490
541201895
877339346
474583806
308069988
559468628
104181485
355117947
640715476
999142258
378977795
676578670
894928521
828627647
989012307
369882354
187679412
251361163
493837280
444036870
399721238
603229029
143769508
108372257
894503659
460019954
763449619
670846323
435201983
680259802
566978574
762254251
118198296
889739115
880704651
663421101
316040540
411471739
514048715
677742848
688502496
278619048
552734256
408958627
144011266
125913410
168683547
839743750
636885875
650017568
720944955
966841791
928077131
546916704
273100060
100328836
982775980
980675939
149847846
125711815
829326975
580889595
108830510
288117408
946000685
641558038
760135205
318106683
165014383
520936789
835093700
869623285
548596594
582033228
946430748
483849120
787788388
720377262
669605065
295699758
470349928
858460047
320689352
300636216
995630941
469333605
100503410
189523247
869627104
547607159
807624896
192409940
232618581
463694889
146402504
402564594
344016380
314885048
785342511
229950110
533843612
882089689
677270727
746309344
306380026
886936905
585409630
932802083
254344227
